V1	V2	V3	V4	V5	V6	V7	V8	V9	V10	V11	V12	V13	V14	V15
sup.tabla.1	Sensitivity	ci1	ci2	Specificity	ci1	ci2	PPV	ci1	ci2	NPV	ci1	ci2	Accuracy	ci1	ci2
	98.6	95.2	99.8	57.1	43.2	70.3	85.8	79.6	90.7	94.1	80.3	99.3	87.2	81.8	91.5
	98.6	95.2	99.8	69.6	55.9	81.2	89.5	83.7	93.8	95.1	83.5	99.4	90.6	85.8	94.3
	95.2	90.4	98.1	73.2	59.7	84.2	90.3	84.5	94.5	85.4	72.2	93.9	89.2	84.1	93.1
	86.4	79.8	91.5	80.4	67.6	89.8	92.0	86.2	96.0	69.2	56.6	80.1	84.7	79.0	89.4
	67.3	59.1	74.8	87.5	75.9	94.8	93.4	86.9	97.3	50.5	40.2	60.8	72.9	66.2	78.9
	100.0	94.0	100.0	50.0	21.1	78.9	90.9	81.3	96.6	100.0	54.1	100.0	91.7	82.7	96.9
	100.0	94.0	100.0	83.3	51.6	97.9	96.8	88.8	99.6	100.0	69.2	100.0	97.2	90.3	99.7
	98.3	91.1	100.0	83.3	51.6	97.9	96.7	88.7	99.6	90.9	58.7	99.8	95.8	88.3	99.1
	85.0	73.4	92.9	83.3	51.6	97.9	96.2	87.0	99.5	52.6	28.9	75.6	84.7	74.3	92.1
	75.0	62.1	85.3	83.3	51.6	97.9	95.7	85.5	99.5	40.0	21.1	61.3	76.4	64.9	85.6
	99.0	96.6	99.9	55.9	43.3	67.9	87.2	82.3	91.2	95.0	83.1	99.4	88.4	84.0	91.9
	99.0	96.6	99.9	72.1	59.9	82.3	91.5	87.1	94.8	96.1	86.5	99.5	92.4	88.6	95.2
	96.1	92.5	98.3	75.0	63.0	84.7	92.1	87.7	95.3	86.4	75.0	94.0	90.9	86.9	94.0
	86.0	80.5	90.4	80.9	69.5	89.4	93.2	88.6	96.3	65.5	54.3	75.5	84.7	79.9	88.8
	69.6	62.8	75.8	86.8	76.4	93.8	94.1	89.1	97.3	48.4	39.2	57.6	73.8	68.2	78.9
