V1	V2	V3	V4	V5	V6	V7	V8	V9	V10	V11	V12	V13	V14	V15
tabla.supp	Sensitivity	ci1	ci2	Specificity	ci1	ci2	PPV	ci1	ci2	NPV	ci1	ci2	Accuracy	ci1	ci2
	96.9	95.2	98.1	49.6	40.6	58.6	90.3	87.8	92.5	76.8	66.2	85.4	88.8	86.3	91.0
	94.5	92.4	96.1	61.4	52.4	69.9	92.2	89.9	94.2	69.6	60.2	78.0	88.8	86.3	91.0
	91.4	88.9	93.5	68.5	59.7	76.5	93.4	91.1	95.2	62.1	53.6	70.2	87.5	84.9	89.8
	84.6	81.5	87.3	75.6	67.2	82.8	94.4	92.1	96.2	50.3	43.0	57.6	83.0	80.1	85.7
	70.6	66.8	74.2	89.8	83.1	94.4	97.1	95.1	98.4	38.6	33.1	44.5	73.9	70.6	77.0
	97.4	95.8	98.5	37.0	28.6	46.0	88.2	85.6	90.6	74.6	62.1	84.7	87.1	84.5	89.4
	95.0	92.9	96.6	54.3	45.3	63.2	91.0	88.5	93.1	69.0	59.0	77.9	88.0	85.5	90.3
	93.5	91.3	95.3	62.2	53.2	70.7	92.3	89.9	94.3	66.4	57.2	74.8	88.2	85.6	90.4
	85.9	82.9	88.5	73.2	64.6	80.7	94.0	91.7	95.8	51.7	44.1	59.2	83.7	80.9	86.3
	67.7	63.8	71.4	81.1	73.2	87.5	94.6	92.0	96.5	34.1	28.8	39.8	70.0	66.5	73.3
	100.0	99.4	100.0	0.0	0.0	2.9	82.9	80.0	85.5	NaN	0.0	100.0	82.9	80.0	85.5
	95.3	93.3	96.8	22.8	15.9	31.1	85.7	82.8	88.2	50.0	36.6	63.4	82.9	80.0	85.5
	80.5	77.2	83.6	56.7	47.6	65.5	90.0	87.2	92.4	37.5	30.6	44.8	76.4	73.2	79.5
	68.5	64.7	72.2	77.2	68.9	84.1	93.6	90.9	95.7	33.6	28.2	39.3	70.0	66.5	73.3
	54.4	50.4	58.4	88.2	81.3	93.2	95.7	93.0	97.6	28.5	24.1	33.2	60.2	56.5	63.7
