V1	V2	V3	V4	V5	V6	V7	V8	V9	V10	V11	V12	V13	V14	V15
tabla.1	Sensitivity	ci1	ci2	Specificity	ci1	ci2	PPV	ci1	ci2	NPV	ci1	ci2	Accuracy	ci1	ci2
	99.3	96.3	100.0	64.3	50.4	76.6	88.0	82.0	92.5	97.3	85.8	99.9	89.7	84.6	93.5
	95.9	91.3	98.5	67.9	54.0	79.7	88.7	82.7	93.2	86.4	72.6	94.8	88.2	82.9	92.3
	92.5	87.0	96.2	78.6	65.6	88.4	91.9	86.3	95.7	80.0	67.0	89.6	88.7	83.5	92.7
	84.4	77.5	89.8	85.7	73.8	93.6	93.9	88.4	97.3	67.6	55.5	78.2	84.7	79.0	89.4
	70.1	62.0	77.3	96.4	87.7	99.6	98.1	93.3	99.8	55.1	44.7	65.2	77.3	71.0	82.9
	98.3	91.1	100.0	66.7	34.9	90.1	93.7	84.5	98.2	88.9	51.8	99.7	93.1	84.5	97.7
	98.3	91.1	100.0	75.0	42.8	94.5	95.2	86.5	99.0	90.0	55.5	99.7	94.4	86.4	98.5
	93.3	83.8	98.2	83.3	51.6	97.9	96.6	88.1	99.6	71.4	41.9	91.6	91.7	82.7	96.9
	86.7	75.4	94.1	83.3	51.6	97.9	96.3	87.3	99.5	55.6	30.8	78.5	86.1	75.9	93.1
	75.0	62.1	85.3	83.3	51.6	97.9	95.7	85.5	99.5	40.0	21.1	61.3	76.4	64.9	85.6
	99.0	96.6	99.9	64.7	52.2	75.9	89.5	84.8	93.2	95.7	85.2	99.5	90.5	86.5	93.7
	96.6	93.2	98.6	69.1	56.7	79.8	90.5	85.8	94.0	87.0	75.1	94.6	89.8	85.6	93.1
	92.8	88.3	95.9	79.4	67.9	88.3	93.2	88.9	96.2	78.3	66.7	87.3	89.5	85.2	92.8
	85.0	79.4	89.6	85.3	74.6	92.7	94.6	90.3	97.4	65.2	54.3	75.0	85.1	80.3	89.1
	71.5	64.8	77.5	94.1	85.6	98.4	97.4	93.4	99.3	52.0	42.8	61.1	77.1	71.7	81.9
